0
1
16386
24579
24581
16385
8203
8204
24594
2734
9561
26
24606
32
24609
34
40
24619
16429
16430
16432
51
16444
24637
8256
16449
24642
67
16452
24646
16456
73
76
77
24654
24659
8277
16472
21860
16475
24672
8292
16488
24683
8301
16497
24691
24693
9578
24704
24708
133
16520
16521
8332
24718
16531
16532
149
24742
8360
2759
24750
16560
8371
24757
182
16569
24762
187
24766
191
8384
196
8390
202
203
24781
206
24786
16596
227
16612
24806
16616
24813
239
16625
244
249
13695
16636
24833
24837
16647
16648
24841
8460
275
24852
16662
8473
283
24861
16671
16672
24865
24866
292
24871
7533
24874
299
24876
302
16687
24881
16690
17801
16697
16698
24891
24892
16703
24896
324
325
16710
16711
1420
8523
8524
337
339
16726
24919
16732
349
351
8544
24934
360
364
16749
366
16759
376
8569
24959
24962
389
391
24970
16779
24978
16790
16791
8602
16797
416
16801
24994
16805
7379
11198
17820
16810
427
428
431
435
16821
25016
442
25021
25023
16833
450
16837
16838
25033
25035
16845
16851
469
25054
16863
482
25059
25061
16870
487
25064
16873
25067
25068
493
494
16882
16883
25082
8703
514
16899
25092
16902
9644
16907
25100
16919
537
16922
16924
20570
16926
16930
548
25126
25127
2823
561
562
570
5732
25148
573
16961
16963
582
584
2829
16976
25169
596
25175
16986
19215
25180
605
607
16994
16995
25190
25192
8809
25195
620
8814
17008
17009
25204
17016
9663
636
25214
640
17026
643
644
647
650
25227
25231
658
660
663
25241
667
17052
25249
674
8868
25254
8871
680
25260
25261
25263
25266
25267
17080
17083
25276
17085
25278
25279
17088
2848
17090
25285
17097
17099
722
25299
25301
25302
728
25305
25306
25309
737
739
8932
25318
745
25323
25324
25328
25329
25334
25335
17145
25394
17151
27435
772
773
17159
17163
25357
8974
17167
8984
794
25372
17181
5755
17190
17192
17193
17195
9005
817
17202
25399
17208
17210
17211
828
25407
25409
839
17225
17226
17229
847
17237
857
25436
25439
865
25443
868
869
6972
878
879
880
17265
887
17273
9082
6975
16533
901
902
17289
25487
17296
913
17298
919
17305
25500
25502
25503
17316
936
25515
17324
25517
25518
17327
25521
948
17335
25531
25532
17341
1525
25538
25540
965
17355
973
974
19277
979
17365
983
17369
986
988
989
17375
993
25572
997
17383
1004
17389
1006
1009
17396
17397
17398
25593
25596
1023
9217
25602
1028
17417
25611
25613
25616
1041
25619
25620
25623
25625
17436
7002
25630
25631
23387
17444
26118
23388
25644
17455
25648
5640
1080
9273
1082
19295
17930
25663
17473
25671
1098
1100
1104
1105
1550
24761
25689
26127
17503
17505
9317
4284
17517
1134
1135
17520
17521
190
1144
17530
17532
25731
1156
17544
2924
1162
9355
17550
1169
25746
17558
1177
25758
17569
17571
17575
17577
17578
25774
1199
9396
17590
17591
25785
17951
17596
17597
17599
17603
25796
25797
1224
7031
1228
25806
205
17621
26148
17626
17629
9441
17635
17638
17642
17644
1262
1267
1269
1272
17658
17659
25854
25860
1286
17677
25870
1299
1301
1303
1583
1308
17693
25887
17697
17700
17701
17702
25896
9514
17707
25901
1327
9523
25911
1339
27530
25918
9781
9536
1347
17736
17975
1592
1369
17754
17755
25955
17765
17766
17768
25961
17770
1389
17775
17776
17778
17779
25974
25976
17786
17788
25984
17794
17796
17797
25991
4332
25995
17804
17811
17813
17814
1431
1436
17823
17827
1445
26022
17834
17836
26033
1458
1462
17847
26040
1466
17852
17855
26051
1477
26054
1484
20728
25691
23503
17878
17879
6494
19364
1501
1506
17892
26085
1513
1520
1521
26099
26101
1527
17913
17916
9727
17920
17921
1539
26116
17926
17927
17928
4143
26122
26126
23469
1553
17938
26131
17941
26134
18009
1564
9757
26143
26144
26145
17954
26203
17956
26159
24840
9822
17974
26167
17976
20469
17981
9790
17985
26183
9800
1612
18001
1618
1619
18005
1625
18011
19386
1630
18016
26211
18021
1641
9836
1646
1648
18037
1660
18047
18049
9858
26244
1675
18060
26253
18069
26262
281
18075
18077
18078
18079
18081
1701
18089
26282
18091
1708
18096
18098
26292
26294
1719
26299
18108
26302
26229
26304
18113
1731
1733
18121
26314
9932
18125
18128
26321
18130
26323
18132
1751
9945
18138
27599
26332
9950
1760
26337
26339
18155
1772
1774
18159
18162
26355
18168
1663
9980
1791
1792
26369
24875
1798
26380
1806
1808
18052
1818
10011
18204
18209
1828
22150
1831
18219
26412
1837
18223
1840
1844
10040
26426
26427
1852
1854
18059
1863
22156
18252
5774
26455
18267
18268
18269
26464
1896
26474
1900
26480
1908
18294
18296
1913
18299
18310
26505
8087
18317
1935
1938
26517
24900
27631
1949
26527
18336
1691
18340
326
1958
18344
26538
18349
26547
26549
24616
1979
1986
12619
26564
1430
1994
26576
26577
10196
26581
3065
18400
2017
26594
26596
26598
19452
18410
18415
18419
26614
22185
18425
26618
18427
18430
26623
18433
26630
2056
1705
2058
2060
2061
2067
26645
18457
18461
26288
18467
26662
18472
2090
18475
2094
18481
18483
2102
10298
2110
26687
18498
26691
18505
26698
26699
2125
26702
18511
26705
2130
18517
2135
18524
2142
26719
2144
18533
18534
26727
26300
2155
18540
27666
2164
18110
26742
18551
26745
18112
26754
2186
365
2195
2199
18586
26780
18591
2215
18600
26794
2221
2222
26804
18616
26810
2238
4469
26816
18626
26821
26824
26825
16169
18638
18639
26833
26835
2262
2263
27685
18658
26864
2289
26866
18675
18676
15352
26871
18680
26873
2302
2306
26884
2309
18695
18697
2314
26893
18702
26897
2322
18721
26331
18724
18726
18728
78
18733
15411
26933
18743
26937
18747
2365
2372
18761
18762
26960
18769
26963
26966
2393
18778
19165
26976
2401
26988
26991
2416
2417
26994
18803
18806
2427
18812
18815
18816
18818
2435
4502
10630
18823
18824
2445
27023
18833
18834
26350
27037
27039
27040
27045
2472
18857
27051
18866
27066
27067
18876
18879
24992
27076
27077
2502
8609
27081
2508
2513
2517
27094
11528
2531
18916
18923
27116
2543
27122
18936
2554
27133
25181
2559
18945
18946
25003
2568
2569
2574
2575
27153
18962
18963
27157
18968
8623
2591
18976
4528
27170
2595
10789
18987
2605
2607
2610
27742
2617
19002
27198
27201
19010
22283
27205
2634
7266
2644
19031
27226
8634
19046
19050
19051
2668
2671
27248
19058
2675
19062
27257
447
19072
27267
449
19084
19088
19091
27284
27286
19095
27288
19097
27293
2718
2719
19112
19113
27306
10926
27318
2746
19138
19140
27333
2758
27335
19149
19153
10962
19155
19157
15368
27353
2779
2781
21097
2794
27371
27372
27373
27376
19185
10995
19188
10997
27383
19192
19194
2811
13460
27396
27399
18220
27404
19213
2831
2840
27421
19231
11040
2849
19240
7303
19244
19245
19246
27440
27441
19254
2872
19257
19261
19262
19263
27457
19267
2886
19271
19272
96
11084
8674
27471
2897
6916
2905
27484
2909
27487
2913
19299
27492
25062
27497
19308
2926
27503
27504
2932
2933
27520
11137
2947
19335
19337
19338
19339
19342
2962
19347
19348
19349
2966
27543
19358
2977
27554
2980
27557
2985
27568
499
27575
3001
11194
19389
19390
19392
11202
19397
19400
3018
11215
27604
19413
27606
19415
3033
27612
27613
19422
27620
4604
3051
6136
19439
27632
3057
11250
27636
19449
2557
27644
27647
3072
3079
9377
27659
8706
19474
27667
19483
22362
19486
27681
3106
518
27687
3116
19507
19512
19513
27708
27709
3134
377
19521
19522
3146
19532
27725
19534
19538
11347
27733
3158
19544
19549
19550
19551
19552
27747
27751
19561
19562
19563
19570
27763
5993
19576
3194
19591
19598
22381
16921
3228
538
19619
3240
19629
19630
16925
3248
11442
11443
19640
3270
19656
19660
19661
19663
19664
11473
3284
19669
19670
19676
11485
19679
19682
3303
19688
19693
19694
19699
19700
19701
19704
19716
19719
3336
3337
3340
3345
19730
11539
1748
11542
19735
19737
4657
3371
3373
19763
19765
3387
19773
19775
19778
3395
19786
3403
19793
19794
3413
19799
25146
19806
11616
3430
3442
11645
19840
3459
19844
3463
19848
23788
19850
4207
11666
19860
3479
19864
3481
11676
19869
3489
26523
19876
3499
18333
23795
19899
19903
19908
19912
3535
3537
1956
3546
3548
25168
19938
19941
3558
19943
19945
19946
19955
19957
3580
3583
19970
19972
3592
19979
11788
19981
19982
8794
20000
20001
20004
3622
3629
20015
3633
8753
11827
3636
3637
20022
11832
3654
4705
15943
20044
20045
20049
20051
20055
21093
20066
3685
3695
20080
20081
20083
3703
20090
22463
21098
20097
20098
20103
3720
20105
20107
20109
20111
20112
20113
20114
11935
3744
20135
11944
20138
3759
22472
3764
3765
11962
20155
20156
11965
20162
20165
11975
3784
20178
20182
3799
20185
20192
20196
20199
20200
20201
24610
20210
20218
12028
20230
20231
26583
20238
20239
20240
20241
3859
3862
14297
3864
3866
20252
12061
3870
12064
20259
20260
12072
17031
20271
3379
3892
23860
17034
3903
26317
20297
20301
3921
20308
12120
20325
1495
3947
20333
15677
3958
20343
20347
26602
20353
20354
20360
20363
20372
12191
8860
4010
4011
20397
20400
20405
20406
4025
20411
20412
20413
4032
4035
4036
7119
1771
20425
20426
4045
4046
12240
4049
20435
20437
20448
679
20460
20461
20462
12273
4082
26622
20471
20476
20481
4100
12293
4102
3415
20496
20503
4120
20505
20511
20513
20514
20520
4138
12331
20527
20529
4150
20535
20538
26634
20542
20549
4166
20556
20557
20559
20565
4186
20572
4190
4196
20581
9687
6161
20584
20588
20591
4209
4211
20599
20600
20603
4222
20609
20611
20612
12425
4234
4235
4238
12431
20631
20639
12460
12461
20657
20658
20664
20665
20668
4287
20672
20674
20678
4296
20681
20683
20684
20685
4307
4311
23930
12511
20705
20710
4330
20716
4818
4336
12529
4344
20730
20731
20734
20736
20739
20740
4357
20743
20745
12557
20751
20753
20754
20755
20762
12574
20774
2097
12586
20785
20786
4403
20789
4406
4407
20792
4410
4413
20798
15755
4420
12614
24152
20811
20813
20815
12625
20822
4440
4442
20828
4445
17126
20841
20842
20846
12655
4467
20853
18495
20862
4480
4489
4490
27155
20886
8944
20906
20909
20910
12720
13517
4534
18506
20930
20931
20940
26701
20945
20947
20954
20957
20958
12771
20967
20968
12780
23976
20983
20988
20997
20999
6231
12813
12819
4629
21014
4639
21024
21027
21031
26716
4652
21041
21047
21049
21059
21061
4679
21064
4686
4690
21075
21089
21091
4709
4713
12906
4721
21106
4729
24435
4735
4736
21121
26731
4741
4746
22637
21147
21154
21158
21162
21166
21169
21172
21178
2166
4809
13002
21199
21202
21205
21213
21222
21236
21238
21242
21251
21256
4876
21264
21266
21268
4886
21276
21278
21279
13089
4906
4255
21293
21297
21298
21302
4930
4931
21316
21322
21331
4949
21334
21336
21337
21339
21343
25404
18442
3561
21370
13180
21373
21375
21377
21379
21382
5000
18583
21388
21395
5015
21414
21417
13233
3571
21431
13240
21434
25418
5054
13253
21447
21448
21451
5069
21456
5073
21459
13270
21463
13273
13283
21476
5093
15868
252
13293
13294
15870
21495
21497
19967
21501
5122
24857
21512
21513
21514
13329
21526
21532
21541
5159
860
21547
13359
21552
21556
21560
13370
21563
21567
5187
25441
21585
21588
24078
21592
13401
21595
21596
21603
21604
21605
27755
5227
21613
21617
5241
13435
5246
21631
21638
13449
21652
5273
5274
21663
21671
5292
4978
21683
21684
13498
21692
5309
5311
21696
5314
13513
17271
21709
13518
5332
5337
21722
21724
21726
21730
2257
1542
13548
13555
21367
5366
13559
5369
13563
13566
21761
5389
5390
20013
21780
5397
21799
5423
24368
13620
21816
21819
20021
15184
21830
5448
21833
5450
13644
21841
5465
24122
13664
5476
21861
17297
7740
21872
5011
21882
21886
16550
2911
5507
13703
13130
5517
21904
25497
21912
21914
21919
21921
21923
21924
13734
5544
24587
5547
21932
21936
21937
2291
5559
13758
5571
21956
21957
21958
21960
5582
21968
21982
21990
21992
21998
17320
13812
22008
22010
13823
22022
22024
940
22028
13837
7553
22033
22036
22037
22038
22039
2916
5663
22049
22052
22057
22062
22063
22067
22078
22081
5699
22084
13896
951
22092
22097
5722
22110
22112
22115
22116
22119
13929
5745
5746
5748
22133
13947
13950
13958
22153
22154
5772
5773
22158
5776
22162
22163
14617
5786
5792
22178
13987
13991
5801
20652
14004
22198
14007
22201
22202
14011
22204
2337
22218
20087
22221
22226
22227
22228
5845
22230
22232
22238
22240
22249
14068
22264
14073
14076
22269
5886
22271
5890
5891
11905
14088
14091
23383
14102
22295
14105
22301
22302
14114
22318
22320
22330
22336
22337
16011
5956
25569
22344
22350
14159
22352
22353
1017
22357
14170
22365
25573
5988
14182
22377
14189
22390
7565
6010
22401
22403
22407
1005
6035
6038
22425
22426
22430
6748
22436
22854
6057
22297
6062
14255
6064
22455
21493
22466
14275
14280
22475
22481
22485
14295
22488
6105
14298
22491
18768
21499
6116
14315
6127
22514
6131
14328
3754
14335
22528
22534
22536
14350
22545
22548
14362
11951
6179
22570
22573
22581
22582
25609
22604
22605
22606
22612
22615
6235
22620
20154
6239
6240
14435
5137
7868
22636
6253
22644
22645
22649
22653
22654
14464
22668
22669
22670
6292
14487
22895
6300
22685
14494
22688
6305
22699
14510
6322
2419
22709
22715
22724
6485
22727
6348
22743
22755
22756
22760
6382
6385
6388
22774
22776
22786
22789
22794
22796
22797
22809
21551
22816
22821
22824
2439
15373
22832
14643
22837
22844
22846
22847
22853
6470
6472
22860
22861
14670
22865
22869
22870
22875
17466
22878
22879
6544
22883
6545
6506
6509
6511
6515
22900
22901
22903
13375
22908
22911
14724
22919
6537
22923
22926
22928
22929
22932
22933
6568
22953
22956
22957
22961
22964
14773
6585
6586
14779
17829
22978
6595
6598
22983
22984
14804
14805
6614
22999
6618
14811
23004
23006
23010
17489
23021
23022
24317
23025
14836
6648
23040
6659
23047
23051
23053
23054
6674
23059
14869
23062
14872
14879
6690
1115
23079
23080
6698
24327
6704
2951
14908
17136
23104
6721
6724
23109
23111
6728
23113
23115
14931
6747
14940
23134
23136
23143
23146
23147
14962
6771
23156
23161
23162
23171
6788
23173
23174
8955
23176
6808
23199
6816
23201
27078
23206
23207
6826
23211
23213
6830
23217
23220
23222
6839
23225
23226
23228
6845
23232
6859
6866
23251
23253
24779
23257
23264
6883
23268
23269
6886
18897
15083
23277
23283
6903
23290
6911
23296
23300
15111
6921
23316
17540
15131
6942
15135
23329
23338
23343
23344
1160
15156
1161
23352
6971
23356
6974
23359
6976
23361
15172
6986
15180
23376
23378
20281
23386
15195
15196
23393
15202
23402
23403
7024
23411
23415
23416
23417
7034
15227
15229
23426
15236
23430
23436
14829
7060
23449
15259
23457
15270
15273
23468
15277
7086
23480
23481
23483
23485
15298
25761
23501
12109
15313
23510
15324
7134
23526
7145
23531
15340
7151
7152
23537
7159
23544
23548
1194
23552
23556
7173
23560
23561
23563
23565
7184
27139
7189
7192
23577
23580
23582
15392
7203
23588
15399
7212
15406
7215
23600
23601
23603
7228
23616
6667
23626
9399
15454
23650
23651
7268
23653
23655
7279
15472
7283
23672
23673
7290
23686
15495
7306
23695
15506
25795
11139
7326
15519
23714
7339
15533
16243
23732
15543
7352
23750
15561
7370
7372
7374
15567
7376
18979
7384
23774
7393
23778
15589
7399
23785
15595
7404
15600
15603
23796
15606
7423
23813
7431
23821
7438
23824
15635
15637
23833
23834
7452
7455
7456
23088
15652
23846
26673
23867
23869
7487
15684
23878
7497
1741
7501
23890
15701
23897
15715
23917
15728
23921
23925
15736
7546
15743
23937
7556
23945
23946
23947
2626
23950
7567
7573
23961
23963
23965
23966
7587
15784
6727
23983
15793
23987
15798
23993
15805
23999
15810
24003
15815
24011
26441
15830
24023
24024
7645
15846
24039
15848
15849
15851
24046
24060
24062
7679
24070
15885
15886
24080
15896
24089
15906
15910
15911
15912
15913
15919
15920
15925
15928
15930
15932
7741
7742
7743
24134
24135
7752
6532
24140
7760
24145
24146
15955
7766
7078
15960
26173
25355
24170
14951
24174
7792
24178
7809
16002
7811
17687
16012
24208
24210
24212
24213
16023
24221
16032
16033
16034
17691
24232
7849
16050
16056
24252
24254
16064
7879
24524
24270
7890
16084
16093
25893
20432
16099
16100
24293
24299
7916
16110
16111
16112
24310
16119
24532
7931
16125
4053
16134
16135
16139
16142
16143
16145
16146
16153
7963
16156
6790
16168
7085
16172
16176
16178
16181
16183
16184
16193
24386
16195
24388
2449
24401
8019
16215
24412
16221
2704
16226
16227
24426
24432
8051
16245
16247
16248
16253
16257
16260
8072
16268
24463
17731
16279
16280
16281
8096
16289
24485
24491
24493
24500
16313
24506
27295
24511
24515
24519
16332
16334
24568
24531
16340
24570
24548
25937
8170
6823
9274
24565
24566
27305
16376
16378
24573
