16907
14350
24152
16922
21339
15911
18475
15406
22581
17975
14908
16963
23111
26699
22092
16976
19538
14931
596
25870
3158
15960
16012
22116
23655
1641
5227
20080
22645
22653
11905
16520
22153
22668
17550
16532
17569
17577
17578
17181
22709
17590
24254
21709
19155
22743
17755
16612
17638
19694
18675
4344
17145
17658
21761
18702
20240
15236
16156
12061
16671
14114
18733
15156
17208
17211
22923
17225
14159
16726
16215
15195
17770
15736
22403
14724
17814
25991
18824
15755
16790
16280
11676
27040
17324
21937
15603
17847
13240
17852
19392
16838
19400
16376
16340
13270
17389
16882
14328
14335
